255 255 255 255 255 255 255 255 255 255 255 255 255 255 255 255
255 255 255 255 255 255 255 255 255 255 255 255 255 255 255 255
255 255   0   0   0   0   0   0   0   0   0   0   0   0 255 255
255 255   0   0   0   0   0   0   0   0   0   0   0   0 255 255
255 255   0   0   0   0   0   0   0   0   0   0   0   0 255 255
255 255   0   0   0 255 255 255 255 255 255   0   0   0 255 255
255 255   0   0   0 255   0   0   0   0 255   0   0   0 255 255
255 255   0   0   0 255   0   0 255   0 255   0   0   0 255 255
255 255   0   0   0 255   0   0 255   0 255   0   0   0 255 255
255 255   0   0   0 255   0   0   0   0 255   0   0   0 255 255
255 255   0   0   0 255 255 255 255 255 255   0   0   0 255 255
255 255   0   0   0   0   0   0   0   0   0   0   0   0 255 255
255 255   0   0   0   0   0   0   0   0   0   0   0   0 255 255
255 255   0   0   0   0   0   0   0   0   0   0   0   0 255 255
255 255 255 255 255 255 255 255 255 255 255 255 255 255 255 255
255 255 255 255 255 255 255 255 255 255 255 255 255 255 255 255
255 255 255 255 255 255 255 255 255 255 255 255 255 255 255 255
255 255 255 255 255 255 255 255 255 255 255 255 255 255 255 255
255 255   0   0   0   0   0   0   0   0   0   0   0   0 255 255
255 255   0   0   0   0   0   0   0   0   0   0   0   0 255 255
255 255   0   0   0   0   0   0   0   0   0   0   0   0 255 255
255 255   0   0   0 255 255 255 255 255 255   0   0   0 255 255
255 255   0   0   0 255   0   0   0   0 255   0   0   0 255 255
255 255   0   0   0 255   0   0 255   0 255   0   0   0 255 255
255 255   0   0   0 255   0   0 255   0 255   0   0   0 255 255
255 255   0   0   0 255   0   0   0   0 255   0   0   0 255 255
255 255   0   0   0 255 255 255 255 255 255   0   0   0 255 255
255 255   0   0   0   0   0   0   0   0   0   0   0   0 255 255
255 255   0   0   0   0   0   0   0   0   0   0   0   0 255 255
255 255   0   0   0   0   0   0   0   0   0   0   0   0 255 255
255 255 255 255 255 255 255 255 255 255 255 255 255 255 255 255
255 255 255 255 255 255 255 255 255 255 255 255 255 255 255 255
255 255 255 255 255 255 255 255 255 255 255 255 255 255 255 255
255 255 255 255 255 255 255 255 255 255 255 255 255 255 255 255
255 255   0   0   0   0   0   0   0   0   0   0   0   0 255 255
255 255   0   0   0   0   0   0   0   0   0   0   0   0 255 255
255 255   0   0   0   0   0   0   0   0   0   0   0   0 255 255
255 255   0   0   0 255 255 255 255 255 255   0   0   0 255 255
255 255   0   0   0 255   0   0   0   0 255   0   0   0 255 255
255 255   0   0   0 255   0   0 255   0 255   0   0   0 255 255
255 255   0   0   0 255   0   0 255   0 255   0   0   0 255 255
255 255   0   0   0 255   0   0   0   0 255   0   0   0 255 255
255 255   0   0   0 255 255 255 255 255 255   0   0   0 255 255
255 255   0   0   0   0   0   0   0   0   0   0   0   0 255 255
255 255   0   0   0   0   0   0   0   0   0   0   0   0 255 255
255 255   0   0   0   0   0   0   0   0   0   0   0   0 255 255
255 255 255 255 255 255 255 255 255 255 255 255 255 255 255 255
255 255 255 255 255 255 255 255 255 255 255 255 255 255 255 255

255 255 255 255 255 255 255 255 255 255 255 255 255 255 255 255
255 214 153 153 153 153 153 153 153 153 153 153 153 153 214 255
255 153   0   0   0   0   0   0   0   0   0   0   0   0 153 255
255 153   0   0   0   0   0   0   0   0   0   0   0   0 153 255
255 153   0   0  10  51  51  51  51  51  51  10   0   0 153 255
255 153   0   0  51 221 158 158 158 158 221  51   0   0 153 255
255 153   0   0  51 165   8  32  32   9 165  51   0   0 153 255
255 153   0   0  51 165  41 154 154  46 165  51   0   0 153 255
255 153   0   0  51 165  15 120 120  17 165  51   0   0 153 255
255 153   0   0  51 165   0  13  13   0 165  51   0   0 153 255
255 153   0   0  51 226 173 173 173 173 226  51   0   0 153 255
255 153   0   0  10  51  51  51  51  51  51  10   0   0 153 255
255 153   0   0   0   0   0   0   0   0   0   0   0   0 153 255
255 153   0   0   0   0   0   0   0   0   0   0   0   0 153 255
255 214 153 153 153 153 153 153 153 153 153 153 153 153 214 255
255 255 255 255 255 255 255 255 255 255 255 255 255 255 255 255
255 255 255 255 255 255 255 255 255 255 255 255 255 255 255 255
255 214 153 153 153 153 153 153 153 153 153 153 153 153 214 255
255 153   0   0   0   0   0   0   0   0   0   0   0   0 153 255
255 153   0   0   0   0   0   0   0   0   0   0   0   0 153 255
255 153   0   0  10  51  51  51  51  51  51  10   0   0 153 255
255 153   0   0  51 221 158 158 158 158 221  51   0   0 153 255
255 153   0   0  51 165   8  32  32   9 165  51   0   0 153 255
255 153   0   0  51 165  41 154 154  46 165  51   0   0 153 255
255 153   0   0  51 165  15 120 120  17 165  51   0   0 153 255
255 153   0   0  51 165   0  13  13   0 165  51   0   0 153 255
255 153   0   0  51 226 173 173 173 173 226  51   0   0 153 255
255 153   0   0  10  51  51  51  51  51  51  10   0   0 153 255
255 153   0   0   0   0   0   0   0   0   0   0   0   0 153 255
255 153   0   0   0   0   0   0   0   0   0   0   0   0 153 255
255 214 153 153 153 153 153 153 153 153 153 153 153 153 214 255
255 255 255 255 255 255 255 255 255 255 255 255 255 255 255 255
255 255 255 255 255 255 255 255 255 255 255 255 255 255 255 255
255 214 153 153 153 153 153 153 153 153 153 153 153 153 214 255
255 153   0   0   0   0   0   0   0   0   0   0   0   0 153 255
255 153   0   0   0   0   0   0   0   0   0   0   0   0 153 255
255 153   0   0  10  51  51  51  51  51  51  10   0   0 153 255
255 153   0   0  51 221 158 158 158 158 221  51   0   0 153 255
255 153   0   0  51 165   8  32  32   9 165  51   0   0 153 255
255 153   0   0  51 165  41 154 154  46 165  51   0   0 153 255
255 153   0   0  51 165  15 120 120  17 165  51   0   0 153 255
255 153   0   0  51 165   0  13  13   0 165  51   0   0 153 255
255 153   0   0  51 226 173 173 173 173 226  51   0   0 153 255
255 153   0   0  10  51  51  51  51  51  51  10   0   0 153 255
255 153   0   0   0   0   0   0   0   0   0   0   0   0 153 255
255 153   0   0   0   0   0   0   0   0   0   0   0   0 153 255
255 214 153 153 153 153 153 153 153 153 153 153 153 153 214 255
255 255 255 255 255 255 255 255 255 255 255 255 255 255 255 255

255 255 255 255 255 255 255 255 255 255 255 255 255 255 255 255
255 214 153 153 153 153 153 153 153 153 153 153 153 153 214 255
255 153   0   0   0   0   0   0   0   0   0   0   0   0 153 255
255 153   0   0   0   0   0   0   0   0   0   0   0   0 153 255
255 153   0   0  10  51  51  51  51  51  51  10   0   0 153 255
255 153   0   0  51 221 165 165 165 165 226  51   0   0 153 255
255 153   0   0  51 158   9  46  17   0 173  51   0   0 153 255
255 153   0   0  51 158  32 154 120  13 173  51   0   0 153 255
255 153   0   0  51 158  32 154 120  13 173  51   0   0 153 255
255 153   0   0  51 158   8  41  15   0 173  51   0   0 153 255
255 153   0   0  51 221 165 165 165 165 226  51   0   0 153 255
255 153   0   0  10  51  51  51  51  51  51  10   0   0 153 255
255 153   0   0   0   0   0   0   0   0   0   0   0   0 153 255
255 153   0   0   0   0   0   0   0   0   0   0   0   0 153 255
255 214 153 153 153 153 153 153 153 153 153 153 153 153 214 255
255 255 255 255 255 255 255 255 255 255 255 255 255 255 255 255
255 255 255 255 255 255 255 255 255 255 255 255 255 255 255 255
255 214 153 153 153 153 153 153 153 153 153 153 153 153 214 255
255 153   0   0   0   0   0   0   0   0   0   0   0   0 153 255
255 153   0   0   0   0   0   0   0   0   0   0   0   0 153 255
255 153   0   0  10  51  51  51  51  51  51  10   0   0 153 255
255 153   0   0  51 221 165 165 165 165 226  51   0   0 153 255
255 153   0   0  51 158   9  46  17   0 173  51   0   0 153 255
255 153   0   0  51 158  32 154 120  13 173  51   0   0 153 255
255 153   0   0  51 158  32 154 120  13 173  51   0   0 153 255
255 153   0   0  51 158   8  41  15   0 173  51   0   0 153 255
255 153   0   0  51 221 165 165 165 165 226  51   0   0 153 255
255 153   0   0  10  51  51  51  51  51  51  10   0   0 153 255
255 153   0   0   0   0   0   0   0   0   0   0   0   0 153 255
255 153   0   0   0   0   0   0   0   0   0   0   0   0 153 255
255 214 153 153 153 153 153 153 153 153 153 153 153 153 214 255
255 255 255 255 255 255 255 255 255 255 255 255 255 255 255 255
255 255 255 255 255 255 255 255 255 255 255 255 255 255 255 255
255 214 153 153 153 153 153 153 153 153 153 153 153 153 214 255
255 153   0   0   0   0   0   0   0   0   0   0   0   0 153 255
255 153   0   0   0   0   0   0   0   0   0   0   0   0 153 255
255 153   0   0  10  51  51  51  51  51  51  10   0   0 153 255
255 153   0   0  51 221 165 165 165 165 226  51   0   0 153 255
255 153   0   0  51 158   9  46  17   0 173  51   0   0 153 255
255 153   0   0  51 158  32 154 120  13 173  51   0   0 153 255
255 153   0   0  51 158  32 154 120  13 173  51   0   0 153 255
255 153   0   0  51 158   8  41  15   0 173  51   0   0 153 255
255 153   0   0  51 221 165 165 165 165 226  51   0   0 153 255
255 153   0   0  10  51  51  51  51  51  51  10   0   0 153 255
255 153   0   0   0   0   0   0   0   0   0   0   0   0 153 255
255 153   0   0   0   0   0   0   0   0   0   0   0   0 153 255
255 214 153 153 153 153 153 153 153 153 153 153 153 153 214 255
255 255 255 255 255 255 255 255 255 255 255 255 255 255 255 255

255 255 255 255 255 255 255 255 255 255 255 255 255 255 255 255
255 214 153 153 153 153 153 153 153 153 153 153 153 153 214 255
255 153   0   0   0   0   0   0   0   0   0   0   0   0 153 255
255 153   0   0   0   0   0   0   0   0   0   0   0   0 153 255
255 153   0   0  10  51  51  51  51  51  51  10   0   0 153 255
255 153   0   0  51 226 173 173 173 173 226  51   0   0 153 255
255 153   0   0  51 165   0  13  13   0 165  51   0   0 153 255
255 153   0   0  51 165  17 120 120  15 165  51   0   0 153 255
255 153   0   0  51 165  46 154 154  41 165  51   0   0 153 255
255 153   0   0  51 165   9  32  32   8 165  51   0   0 153 255
255 153   0   0  51 221 158 158 158 158 221  51   0   0 153 255
255 153   0   0  10  51  51  51  51  51  51  10   0   0 153 255
255 153   0   0   0   0   0   0   0   0   0   0   0   0 153 255
255 153   0   0   0   0   0   0   0   0   0   0   0   0 153 255
255 214 153 153 153 153 153 153 153 153 153 153 153 153 214 255
255 255 255 255 255 255 255 255 255 255 255 255 255 255 255 255
255 255 255 255 255 255 255 255 255 255 255 255 255 255 255 255
255 214 153 153 153 153 153 153 153 153 153 153 153 153 214 255
255 153   0   0   0   0   0   0   0   0   0   0   0   0 153 255
255 153   0   0   0   0   0   0   0   0   0   0   0   0 153 255
255 153   0   0  10  51  51  51  51  51  51  10   0   0 153 255
255 153   0   0  51 226 173 173 173 173 226  51   0   0 153 255
255 153   0   0  51 165   0  13  13   0 165  51   0   0 153 255
255 153   0   0  51 165  17 120 120  15 165  51   0   0 153 255
255 153   0   0  51 165  46 154 154  41 165  51   0   0 153 255
255 153   0   0  51 165   9  32  32   8 165  51   0   0 153 255
255 153   0   0  51 221 158 158 158 158 221  51   0   0 153 255
255 153   0   0  10  51  51  51  51  51  51  10   0   0 153 255
255 153   0   0   0   0   0   0   0   0   0   0   0   0 153 255
255 153   0   0   0   0   0   0   0   0   0   0   0   0 153 255
255 214 153 153 153 153 153 153 153 153 153 153 153 153 214 255
255 255 255 255 255 255 255 255 255 255 255 255 255 255 255 255
255 255 255 255 255 255 255 255 255 255 255 255 255 255 255 255
255 214 153 153 153 153 153 153 153 153 153 153 153 153 214 255
255 153   0   0   0   0   0   0   0   0   0   0   0   0 153 255
255 153   0   0   0   0   0   0   0   0   0   0   0   0 153 255
255 153   0   0  10  51  51  51  51  51  51  10   0   0 153 255
255 153   0   0  51 226 173 173 173 173 226  51   0   0 153 255
255 153   0   0  51 165   0  13  13   0 165  51   0   0 153 255
255 153   0   0  51 165  17 120 120  15 165  51   0   0 153 255
255 153   0   0  51 165  46 154 154  41 165  51   0   0 153 255
255 153   0   0  51 165   9  32  32   8 165  51   0   0 153 255
255 153   0   0  51 221 158 158 158 158 221  51   0   0 153 255
255 153   0   0  10  51  51  51  51  51  51  10   0   0 153 255
255 153   0   0   0   0   0   0   0   0   0   0   0   0 153 255
255 153   0   0   0   0   0   0   0   0   0   0   0   0 153 255
255 214 153 153 153 153 153 153 153 153 153 153 153 153 214 255
255 255 255 255 255 255 255 255 255 255 255 255 255 255 255 255
